0 0.9983626296 0.0567468791 0.0072008068 -0.0000000000 -0.0173724101 0.1808558894 0.9833561647 -0.0000000000 0.0545000851 -0.9818711417 0.1815455914 -0.0000000000 1413304199.30747 
1 0.9999557188 -0.0094106473 -0.0000099568 -0.0202702176 0.0017286718 0.1826448190 0.9831774417 -0.0014623468 -0.0092505176 -0.9831339226 0.1826529992 0.0312471711 1413304199.47416 
2 0.9960092732 -0.0886517309 -0.0103149522 -0.0397477396 0.0213064503 0.1239499057 0.9920597039 -0.0185971083 -0.0866692726 -0.9883204397 0.1253441091 0.0664642289 1413304199.64086 
3 0.9884709997 -0.1499575540 -0.0209240244 -0.0501092059 0.0240278381 0.0189159032 0.9995323164 -0.0563610693 -0.1494916245 -0.9885114671 0.0223009776 0.1040858012 1413304199.80755 
4 0.9817432906 -0.1838248437 -0.0488726726 -0.0539951999 0.0412011620 -0.0453254219 0.9981222723 -0.1164643865 -0.1856948452 -0.9819134549 -0.0369241317 0.1517248727 1413304199.97424 
5 0.9816287490 -0.1601552815 -0.1037076899 -0.0380348175 0.0758817983 -0.1710133743 0.9823422919 -0.1784456082 -0.1750627082 -0.9721649611 -0.1557187739 0.2076198170 1413304200.14094 
6 0.9836825584 -0.0980079405 -0.1508743449 0.0068084717 0.1172108181 -0.2871020715 0.9507018590 -0.2197782202 -0.1364926682 -0.9528729423 -0.2709297093 0.2439607760 1413304200.30763 
7 0.9925255705 0.0334649812 -0.1173587957 0.0463728602 0.1218365347 -0.3268007710 0.9372070822 -0.2382555462 -0.0069893275 -0.9445005829 -0.3284353790 0.2573138976 1413304200.47432 
8 0.9760369907 0.1931649903 -0.1001952058 0.0887428957 0.1518304317 -0.2746857558 0.9494710399 -0.2275212197 0.1558823683 -0.9419315379 -0.2974317824 0.2497110376 1413304200.64102 
9 0.9380097058 0.3405276663 -0.0646428676 0.1102466562 0.1233977429 -0.1538043004 0.9803658675 -0.2003318935 0.3238993500 -0.9275694829 -0.1862902719 0.2451826698 1413304200.80771 
10 0.8480166753 0.5282710755 -0.0423956273 0.1079562610 0.0632558972 -0.0214683778 0.9977664056 -0.1692630840 0.5261809668 -0.8488043235 -0.0516218032 0.2763596982 1413304200.97440 
11 0.7756797597 0.6297662663 -0.0414169069 0.1129246617 -0.0079768440 0.0754012431 0.9971213680 -0.1467107013 0.6310762872 -0.7731164869 0.0635107654 0.3289984678 1413304201.14110 
12 0.7402452416 0.6709218232 -0.0435991909 0.1402632788 -0.0847232727 0.1574145782 0.9838915680 -0.1358519355 0.6669774729 -0.7246271853 0.1733680850 0.3873748219 1413304201.30779 
13 0.6698915785 0.7385411431 -0.0761725213 0.1267713689 -0.1713985756 0.2536538873 0.9519885681 -0.1567457523 0.7224041814 -0.6246732630 0.2965055029 0.4741209046 1413304201.47448 
14 0.6022467578 0.7979514661 -0.0239228018 0.1063079440 -0.2561637223 0.2215458005 0.9409025484 -0.1781912315 0.7560945642 -0.5605273553 0.3378314578 0.5833180690 1413304201.64118 
15 0.5250536611 0.8507523998 -0.0232165289 0.0576511274 -0.2466390107 0.1782120496 0.9525805288 -0.1703459705 0.8145476360 -0.4944297925 0.3033996193 0.7062908492 1413304201.80787 
16 0.4550495095 0.8904397011 -0.0068616801 -0.0007035765 -0.2827705740 0.1518051131 0.9470987330 -0.2101063666 0.8443759509 -0.4290365327 0.3208689876 0.8093860265 1413304201.97456 
17 0.3989815308 0.9169587024 0.0006899988 -0.0593491929 -0.2931694484 0.1268490572 0.9476080367 -0.2415916615 0.8688299100 -0.3782803917 0.3194347080 0.9046105753 1413304202.14126 
18 0.3429938558 0.9389920337 -0.0254789252 -0.1249298404 -0.2867381362 0.1304920126 0.9490801209 -0.2646882420 0.8945034691 -0.3182228706 0.3140027842 0.9863354453 1413304202.30795 
19 0.2759647528 0.9598497422 -0.0503182632 -0.1965115109 -0.2815113896 0.1307704973 0.9506052885 -0.2805706202 0.9190183854 -0.2481683893 0.3062966827 1.0646931624 1413304202.47464 
20 0.2336385038 0.9706130553 -0.0576484720 -0.2376172515 -0.2558711765 0.1185744961 0.9594112934 -0.2735668730 0.9380527653 -0.2094048368 0.2760554723 1.1618550497 1413304202.64134 
21 0.1965321223 0.9790063965 -0.0540518315 -0.2694977556 -0.2186982047 0.0975076428 0.9709085203 -0.2531701253 0.9557961185 -0.1789936735 0.2332703253 1.2740113200 1413304202.80803 
22 0.1649735056 0.9862511207 -0.0096160975 -0.2984720284 -0.1649178070 0.0371961546 0.9856056833 -0.1960987379 0.9724123916 -0.1610129590 0.1687867520 1.3916013372 1413304202.97472 
23 0.1207672122 0.9924558171 -0.0211360253 -0.3601912328 -0.1860435120 0.0435430723 0.9815761878 -0.2522975268 0.9750913250 -0.1146099994 0.1898985411 1.4760056478 1413304203.14142 
24 0.0723131648 0.9970644656 -0.0251646114 -0.4471414391 -0.1971884438 0.0390248450 0.9795885765 -0.2767852601 0.9776950055 -0.0658749796 0.1994316004 1.5689886380 1413304203.30811 
25 0.0088271364 0.9999050953 -0.0105774292 -0.5750602633 -0.1792701830 0.0119888811 0.9837268260 -0.2433190145 0.9837602773 -0.0067872732 0.1793589969 1.6657457110 1413304203.47480 
26 -0.0413642384 0.9991416738 -0.0022170663 -0.6980127108 -0.1878677926 -0.0055982588 0.9821783708 -0.2770863016 0.9813229297 0.0410435757 0.1879381085 1.7441882787 1413304203.64150 
27 -0.0492197515 0.9987878927 -0.0004017638 -0.7456674047 -0.1743622294 -0.0081964048 0.9846474658 -0.2872171506 0.9834506744 0.0485341561 0.1745543087 1.8403922215 1413304203.80819 
28 -0.0357838510 0.9993593569 0.0006260048 -0.7437009876 -0.1689146099 -0.0066656810 0.9856081489 -0.2932799200 0.9849808986 0.0351631138 0.1690449196 1.9449772327 1413304203.97488 
29 0.0045384363 0.9997927464 0.0198460794 -0.6764863435 -0.1618692949 -0.0188500534 0.9866321538 -0.2722348318 0.9868017703 -0.0076902381 0.1617501971 2.0856108017 1413304204.14158 
30 0.0160143354 0.9992216319 0.0360509556 -0.6455836920 -0.1716666213 -0.0327725078 0.9846098384 -0.2885502417 0.9850249297 -0.0219566180 0.1710081716 2.2153352912 1413304204.30827 
31 0.0308492314 0.9988625359 0.0363587572 -0.5977263433 -0.1723662248 -0.0305147281 0.9845601738 -0.3228317943 0.9845497496 -0.0366399464 0.1712288085 2.3514907549 1413304204.47496 
32 0.0501915099 0.9979546188 0.0395902905 -0.5350530416 -0.1773912522 -0.0301022098 0.9836799279 -0.3693069264 0.9828596827 -0.0563953520 0.1755175441 2.4820820955 1413304204.64166 
33 0.0449327191 0.9989105386 0.0126010533 -0.5352981894 -0.1919957901 -0.0037437158 0.9813886086 -0.4356151805 0.9803665984 -0.0465158078 0.1916184028 2.5925866678 1413304204.80835 
34 0.0085462127 0.9997731309 0.0195102260 -0.6129848133 -0.1576104714 -0.0179202950 0.9873387475 -0.3346699456 0.9874643799 -0.0115130228 0.1574215638 2.7210636120 1413304204.97504 
35 -0.0434066247 0.9989948790 0.0111846576 -0.7433462365 -0.1677452932 -0.0183239451 0.9856600578 -0.3937479478 0.9848742973 0.0409080025 0.1683720695 2.8086664870 1413304205.14174 
36 -0.0710824679 0.9974444457 0.0072014181 -0.8028717116 -0.1754499564 -0.0196098355 0.9842930291 -0.4559574296 0.9819188335 0.0687024892 0.1763955001 2.8975176100 1413304205.30843 
37 -0.0801620747 0.9967107775 -0.0119024265 -0.8078713163 -0.1947494802 -0.0039500788 0.9808450626 -0.5446317383 0.9775718295 0.0809445665 0.1944255523 2.9869411434 1413304205.47512 
38 -0.0744514267 0.9972236022 0.0014395091 -0.7477425395 -0.1967629712 -0.0161051762 0.9803188035 -0.5461347497 0.9776202321 0.0727028914 0.1974157322 3.1097956169 1413304205.64182 
39 -0.0555559913 0.9984537477 -0.0019093338 -0.6246865905 -0.2030053996 -0.0094232466 0.9791322741 -0.5828073812 0.9776002964 0.0547842691 0.2032150199 3.2417669532 1413304205.80851 
40 -0.0349555309 0.9993152208 -0.0121326119 -0.4951134915 -0.2160351855 0.0042973107 0.9763761221 -0.6703988036 0.9757596577 0.0367508167 0.2157370343 3.3627912154 1413304205.97520 
41 -0.0367930015 0.9993062744 -0.0057658397 -0.4537960674 -0.2163188479 -0.0023313325 0.9763199890 -0.7072249984 0.9756292488 0.0371690026 0.2162545587 3.4737339615 1413304206.14190 
42 -0.0486242327 0.9986350973 -0.0190689933 -0.4627734427 -0.2267487910 0.0075565776 0.9739239621 -0.7691074597 0.9727387469 0.0516801765 0.2260718682 3.5859169600 1413304206.30859 
43 -0.0593348818 0.9981283046 -0.0148074107 -0.4790033204 -0.1720502018 0.0043860918 0.9850784183 -0.5791807633 0.9832995982 0.0609971295 0.1714679280 3.7577550812 1413304206.47528 
44 -0.0527329924 0.9979285139 -0.0368498652 -0.4530423121 -0.2104951518 0.0249641664 0.9772761030 -0.7666351871 0.9761716153 0.0592914112 0.2087426789 3.8786778409 1413304206.64198 
45 -0.0721306272 0.9969304211 -0.0304451666 -0.5310790989 -0.2125719703 0.0144575275 0.9770384523 -0.8177596956 0.9744795175 0.0769461854 0.2108766334 3.9874608276 1413304206.80867 
46 -0.0663146359 0.9977964512 0.0021473239 -0.5133744722 -0.1907081968 -0.0147870030 0.9815353933 -0.7500099125 0.9794042846 0.0646806500 0.1912685567 4.1156951697 1413304206.97536 
47 -0.0232166974 0.9996316165 0.0140576035 -0.3453862524 -0.2010463437 -0.0184425569 0.9794081069 -0.8020865061 0.9793065672 0.0199123918 0.2014004568 4.2509497110 1413304207.14206 
48 0.0003183919 0.9983320553 0.0577321913 -0.2520989862 -0.1590067739 -0.0569471538 0.9856337390 -0.6266072721 0.9872774405 -0.0094936272 0.1587234279 4.4253849109 1413304207.30875 
49 0.0072069389 0.9963257324 0.0853410512 -0.2358760007 -0.1676897684 -0.0829305759 0.9823454897 -0.6981236708 0.9858134720 -0.0213905251 0.1664759557 4.5563574870 1413304207.47544 
50 0.0357594292 0.9970823641 0.0674390280 -0.1281776874 -0.1822202738 -0.0598455241 0.9814348094 -0.8048540337 0.9826072639 -0.0473843067 0.1795485796 4.6629680432 1413304207.64214 
51 0.0348156956 0.9976759008 0.0585718726 -0.1682853654 -0.1966949120 -0.0506206431 0.9791571182 -0.8883838185 0.9798464058 -0.0456108255 0.1944753806 4.7723938560 1413304207.80883 
52 0.0123091134 0.9989665913 0.0437519739 -0.3326488558 -0.1476367455 -0.0414600556 0.9881722801 -0.6644996299 0.9889650535 -0.0186229237 0.1469738399 4.9400721373 1413304207.97552 
53 -0.0358970303 0.9986986201 0.0362280190 -0.6414133092 -0.1511745593 -0.0412608566 0.9876455813 -0.7124783808 0.9878550784 0.0299767886 0.1524589660 5.0494073118 1413304208.14222 
54 -0.0562793450 0.9974021346 0.0449623978 -0.8041221753 -0.1417952600 -0.0525620029 0.9884995398 -0.6945006024 0.9882948647 0.0492566517 0.1443850501 5.1679242575 1413304208.30891 
55 -0.0458391815 0.9984986266 0.0299877008 -0.8023763336 -0.1457980306 -0.0363850823 0.9886450627 -0.7448272705 0.9882518423 0.0409465328 0.1472469957 5.2967770931 1413304208.47560 
56 -0.0414006247 0.9983949804 0.0386451993 -0.8203433802 -0.1384672861 -0.0440383879 0.9893874019 -0.7017097455 0.9895012880 0.0356101606 0.1400682602 5.4385624496 1413304208.64230 
57 -0.0279598894 0.9977397954 0.0611027428 -0.7737276672 -0.1436893767 -0.0645034154 0.9875184416 -0.7301977270 0.9892277835 0.0188310913 0.1451681177 5.5932198261 1413304208.80899 
58 -0.0240588453 0.9968569149 0.0754815422 -0.7776169719 -0.1463756631 -0.0782022760 0.9861331397 -0.7717500307 0.9889364677 0.0126765639 0.1477970484 5.7379936595 1413304208.97568 
59 -0.0293517611 0.9984193506 0.0479298920 -0.8356327821 -0.1544426091 -0.0519046303 0.9866374156 -0.8656125033 0.9875656710 0.0215571282 0.1557219817 5.8566805277 1413304209.14238 
60 -0.0661559937 0.9975725936 0.0217325779 -1.0775860641 -0.1590710360 -0.0320458449 0.9867469125 -0.9217659824 0.9850481156 0.0618221988 0.1608049306 5.9538619594 1413304209.30907 
61 -0.1138297091 0.9934986975 0.0017707051 -1.3951055847 -0.1328427079 -0.0169866359 0.9909915586 -0.7890448562 0.9845789010 0.1125690556 0.1339126411 6.0535143992 1413304209.47576 
62 -0.1685380569 0.9856826773 0.0049581290 -1.7619016204 -0.1443544325 -0.0296578299 0.9890814986 -0.8860412446 0.9750675470 0.1659821460 0.1472861366 6.0955290055 1413304209.64246 
63 -0.1889789321 0.9819363278 0.0093814375 -1.9129857244 -0.1493703118 -0.0381869076 0.9880436580 -0.9434583920 0.9705542093 0.1853181271 0.1538886564 6.1788823254 1413304209.80915 
64 -0.2040069719 0.9789644444 0.0031260295 -2.0200175280 -0.1569197683 -0.0358521643 0.9869603886 -1.0080026431 0.9663112034 0.2008562644 0.1609329653 6.2601591608 1413304209.97584 
65 -0.2090201735 0.9776786062 0.0213333098 -2.0460297198 -0.1301836502 -0.0494400277 0.9902564824 -0.8223340264 0.9692072969 0.2042063336 0.1376117328 6.4119176083 1413304210.14254 
66 -0.2198268291 0.9751415000 0.0278427748 -2.0949703094 -0.1460747817 -0.0611220562 0.9873835386 -0.9438711668 0.9645404726 0.2129862651 0.1558798496 6.5224799716 1413304210.30923 
67 -0.1881697977 0.9819042438 0.0213584446 -1.8556389510 -0.1534767120 -0.0508777551 0.9868416048 -1.0469327161 0.9700706294 0.1824157613 0.1602730918 6.7240870411 1413304210.47592 
68 -0.1900530243 0.9815489673 0.0210112553 -1.8482984655 -0.1418963341 -0.0486387941 0.9886858440 -0.9956027963 0.9714655312 0.1849213146 0.1485221501 6.8673156718 1413304210.64262 
69 -0.2218080435 0.9750520116 0.0086467664 -2.0501043997 -0.1585784589 -0.0448207169 0.9863285334 -1.1225979138 0.9621091748 0.2174044114 0.1645638408 6.9289414617 1413304210.80931 
70 -0.2559574058 0.9666864003 0.0017915927 -2.2801451360 -0.1140392983 -0.0320353965 0.9929596023 -0.8106699450 0.9599379380 0.2539510519 0.1184399357 7.0478695605 1413304210.97600 
71 -0.2262162006 0.9740713724 0.0033454368 -2.0423847273 -0.1343561321 -0.0346038462 0.9903287351 -0.9956236256 0.9647666352 0.2235789239 0.1387004126 7.2479516817 1413304211.14270 
72 -0.2227171435 0.9748109501 -0.0118610924 -1.9966749898 -0.1699168895 -0.0268350758 0.9850929547 -1.3039463415 0.9599611058 0.2214124888 0.1716134759 7.3475413367 1413304211.30939 
73 -0.1984640652 0.9799824450 -0.0156978463 -1.7843244133 -0.1798611742 -0.0206713334 0.9834747856 -1.4047874657 0.9634635296 0.1980078371 0.1803633101 7.4997810509 1413304211.47608 
74 -0.1715151788 0.9850586331 -0.0155574043 -1.5387276720 -0.1592597832 -0.0121391664 0.9871620749 -1.2497277893 0.9722236702 0.1717909487 0.1589622756 7.6996320346 1413304211.64278 
75 -0.1395326225 0.9899414346 -0.0233795508 -1.2365152180 -0.1987701604 -0.0048711633 0.9800340275 -1.5834532921 0.9700624055 0.1413938751 0.1974505039 7.8213060371 1413304211.80947 
76 -0.0844223047 0.9962830746 -0.0171146045 -0.7460408975 -0.2098755670 -0.0009884318 0.9777276049 -1.7124415695 0.9740765477 0.0861339551 0.2091789208 7.9849503970 1413304211.97616 
77 -0.0778409792 0.9969596333 0.0035030876 -0.6546501234 -0.2192794982 -0.0205484774 0.9754456734 -1.8257263699 0.9725519439 0.0751614910 0.2202123217 8.0945223306 1413304212.14286 
78 -0.0929848834 0.9954489450 -0.0208616726 -0.7533038712 -0.2412218638 -0.0021943982 0.9704675147 -2.0281432463 0.9660050848 0.0952711002 0.2403280957 8.1783489871 1413304212.30955 
79 -0.1070068391 0.9933920807 -0.0414934993 -0.8552519067 -0.2079419752 0.0184499814 0.9779671432 -1.7673671517 0.9722703695 0.1132774129 0.2045936372 8.3810297860 1413304212.47624 
80 -0.1056110498 0.9919383209 -0.0700333758 -0.8370322941 -0.1971052000 0.0481483021 0.9791993061 -1.7144753338 0.9746773037 0.1172182092 0.1904312084 8.5441772437 1413304212.64294 
81 -0.0866217546 0.9940725772 -0.0656991853 -0.6624607404 -0.2141575731 0.0458251675 0.9757236227 -1.9008661710 0.9729507724 0.0985888703 0.2089187142 8.6526826540 1413304212.80963 
82 -0.0592651444 0.9963306469 -0.0617485596 -0.4115501921 -0.2296456933 0.0465903598 0.9721585230 -2.0641754133 0.9714682178 0.0717954061 0.2260418577 8.7588355404 1413304212.97632 
83 -0.0373423932 0.9979771638 -0.0514502301 -0.1979669069 -0.2041644352 0.0427809456 0.9780013671 -1.8460285841 0.9782241201 0.0470252187 0.2021539011 8.9533260486 1413304213.14302 
84 -0.0312200141 0.9986408058 -0.0417354970 -0.1124750172 -0.2079990209 0.0343504766 0.9775256785 -1.9191113964 0.9776306655 0.0391993080 0.2066438874 9.0910867461 1413304213.30971 
85 0.0032177528 0.9997361401 -0.0227441476 0.2305263416 -0.1892315469 0.0229420749 0.9816644451 -1.7936398896 0.9819272212 0.0011451567 0.1892554382 9.2549384555 1413304213.47640 
86 0.0075158670 0.9996333908 -0.0260114522 0.2838049701 -0.1842704043 0.0269512404 0.9825060044 -1.7720714564 0.9828468496 -0.0025912436 0.1844054110 9.3893778053 1413304213.64310 
87 -0.0072745857 0.9996069959 -0.0270727565 0.1440944322 -0.1866733270 0.0252400418 0.9820977595 -1.8060582960 0.9823951086 0.0121981159 0.1864163528 9.5308592711 1413304213.80979 
88 -0.0121264397 0.9991187665 -0.0401825820 0.0889915842 -0.2093344570 0.0367584399 0.9771529574 -2.0479808346 0.9777689065 0.0202609854 0.2087042355 9.6406052358 1413304213.97648 
89 -0.0173454977 0.9990323574 -0.0404163641 0.0221826811 -0.2169428023 0.0356989929 0.9755313436 -2.1740517214 0.9760302015 0.0256891160 0.2161136624 9.7632370977 1413304214.14318 
90 -0.0137626618 0.9993885662 -0.0321416070 0.0499534573 -0.2440764030 0.0278145586 0.9693570342 -2.4829412640 0.9696583412 0.0211859409 0.2435443641 9.8251563839 1413304214.30987 
91 0.0047861529 0.9997546235 -0.0216283517 0.2377218272 -0.3208620435 0.0220203338 0.9468699245 -3.2882746042 0.9471138484 0.0024078529 0.3208887042 9.7262269431 1413304214.47656 
92 0.0331475689 0.9992691498 -0.0190369383 0.5422572450 -0.2852358556 0.0277135942 0.9580566076 -2.9454186117 0.9578839937 -0.0263272300 0.2859460292 9.9751756854 1413304214.64326 
93 0.0500063372 0.9974884701 -0.0501609238 0.7379501425 -0.3420336352 0.0642904732 0.9374858545 -3.5855663456 0.9383562003 -0.0297235107 0.3443895386 9.9125181740 1413304214.80995 
94 0.0444070777 0.9975767801 -0.0535591195 0.6937598479 -0.3566016345 0.0659086346 0.9319288203 -3.8024642015 0.9332005603 -0.0222849660 0.3586643202 9.9868301914 1413304214.97664 
95 0.0313616118 0.9976134893 -0.0615123989 0.5615335829 -0.3429529227 0.0685469266 0.9368482330 -3.7045698572 0.9388289206 -0.0082852136 0.3442842040 10.1849012675 1413304215.14334 
96 -0.0158906074 0.9980982304 -0.0595601466 0.0470175348 -0.3061732009 0.0518489870 0.9505628089 -3.3425824781 0.9518431907 0.0333407411 0.3047670181 10.4862000068 1413304215.31003 
97 -0.0581299070 0.9964996939 -0.0600772326 -0.4343529891 -0.2934177770 0.0404667120 0.9551274540 -3.2530030017 0.9542153437 0.0731491981 0.2900383987 10.6704875741 1413304215.47672 
98 -0.0831414703 0.9947898380 -0.0589972388 -0.7348364540 -0.2842436381 0.0330699330 0.9581815766 -3.2193480911 0.9551403301 0.0964342149 0.2800131998 10.8175353175 1413304215.64342 
99 -0.0845552705 0.9952156083 -0.0489520103 -0.7667350710 -0.2981852293 0.0216033438 0.9542635195 -3.4278608076 0.9507554761 0.0952847764 0.2949319178 10.8918877122 1413304215.81011 
100 -0.0660083115 0.9965781064 -0.0497491778 -0.5676057897 -0.3066689938 0.0271830751 0.9514279840 -3.5529900388 0.9495246343 0.0780586850 0.3038252962 11.0029166349 1413304215.97680 
101 -0.0317104209 0.9993121154 -0.0192287592 -0.1718620325 -0.2751446827 0.0097673946 0.9613532137 -3.2182162132 0.9608797286 0.0357756059 0.2746456867 11.2662449753 1413304216.14350 
102 -0.0298174624 0.9986418140 -0.0427252419 -0.1495222788 -0.2895303297 0.0322827900 0.9566242782 -3.4336578664 0.9567042945 0.0408943618 0.2881745028 11.3598412902 1413304216.31019 
103 -0.0105040513 0.9995094684 -0.0295040234 0.0744360531 -0.2933945922 0.0251263430 0.9556611744 -3.5376308437 0.9559337206 0.0186946349 0.2929867445 11.4784166032 1413304216.47688 
104 -0.0325718127 0.9985545148 -0.0427546264 -0.2034529320 -0.2936940664 0.0313263062 0.9553860256 -3.5828826722 0.9553443737 0.0436754348 0.2922491814 11.6073572647 1413304216.64358 
105 -0.0958285352 0.9946751517 -0.0379240609 -0.9928422369 -0.2647718116 0.0112553396 0.9642454071 -3.2672694859 0.9595377948 0.1024434473 0.2622833592 11.8098210596 1413304216.81027 
106 -0.1592970630 0.9863636327 -0.0413670138 -1.8093480978 -0.2578745001 -0.0011261177 0.9661777652 -3.2230710533 0.9529560262 0.1645767784 0.2545374159 11.8788348552 1413304216.97696 
107 -0.1953067781 0.9806473782 -0.0136375252 -2.2939574156 -0.2438116286 -0.0350796210 0.9691879642 -3.1060665006 0.9499532368 0.1926139659 0.2459445221 11.9661397309 1413304217.14366 
108 -0.2164041272 0.9761938761 -0.0146550317 -2.5833893240 -0.2488556976 -0.0406393736 0.9676875958 -3.2037316885 0.9440551337 0.2130585777 0.2517259362 12.0060295137 1413304217.31035 
109 -0.2057920834 0.9784125064 -0.0189363601 -2.4663880350 -0.2646844024 -0.0370216242 0.9636241832 -3.4254816095 0.9421208975 0.2033183875 0.2665892868 12.0979058603 1413304217.47704 
110 -0.2171783558 0.9760760899 0.0104416687 -2.6250373788 -0.2159696634 -0.0584799488 0.9746472183 -2.8272666403 0.9519404741 0.2094171967 0.2235034037 12.3503016966 1413304217.64374 
111 -0.2701750104 0.9627957745 0.0054553064 -3.3144027787 -0.1967998437 -0.0607696234 0.9785585697 -2.6179161259 0.9424835729 0.2633084683 0.2058964916 12.3594588292 1413304217.81043 
112 -0.3636750239 0.9315258602 -0.0002207347 -4.5378114153 -0.2128659687 -0.0828738535 0.9735604777 -2.8708547743 0.9068784684 0.3541066169 0.2284293052 12.0213205960 1413304217.97712 
113 -0.5028131655 0.8643209007 -0.0113270100 -6.3781938749 -0.2179354504 -0.1140801412 0.9692728516 -2.9716394894 0.8364705972 0.4898317078 0.2457271618 11.2355544155 1413304218.14382 
114 -0.6603510779 0.7509121633 -0.0082083485 -8.5001307349 -0.1888439477 -0.1554699923 0.9696221145 -2.6196008175 0.7268248877 0.6418411054 0.2444699943 9.9435604466 1413304218.31051 
115 -0.8068973742 0.5906915641 -0.0003218417 -10.5325841748 -0.1383938949 -0.1885192888 0.9722693082 -1.9816399499 0.5742506050 0.7845660927 0.2338638254 8.0754703352 1413304218.47720 
116 -0.9008776541 0.4336233006 0.0197556441 -11.8925316238 -0.0996556820 -0.2509082065 0.9628674971 -1.5240035951 0.4224786353 0.8654570498 0.2692506223 6.1818259717 1413304218.64390 
117 -0.9575275252 0.2883103248 -0.0042655687 -12.7541120288 -0.0817265654 -0.2571816168 0.9629010253 -1.3155056546 0.2765172815 0.9223528460 0.2698210897 4.3305119152 1413304218.81059 
118 -0.9846982592 0.1741141435 -0.0073214374 -13.2062127851 -0.0543993357 -0.2671979364 0.9621049709 -0.9735639830 0.1655598100 0.9477813713 0.2725810365 2.9270612213 1413304218.97728 
119 -0.9961829026 0.0845103260 -0.0218547327 -13.4329553014 -0.0397612216 -0.2164280770 0.9754885611 -0.7517896777 0.0777088786 0.9726339971 0.2189621837 1.8441224885 1413304219.14398 
120 -0.9999924506 -0.0031367884 -0.0022933037 -13.5635670281 -0.0016202069 -0.1998374778 0.9798277182 -0.2377936613 -0.0035318003 0.9798240368 0.1998308869 0.8521957955 1413304219.31067 
121 -0.9975994428 -0.0689753499 0.0061443403 -13.5994438930 0.0188282140 -0.1847847875 0.9825986366 0.0188009947 -0.0666397042 0.9803555393 0.1856398837 0.1005358485 1413304219.47736 
122 -0.9949993668 -0.0984912081 -0.0166054814 -13.6124538998 0.0002157322 -0.1683710623 0.9857236625 -0.2550894051 -0.0998809970 0.9807908377 0.1675503481 -0.2500589120 1413304219.64406 
123 -0.9895731128 -0.1435060137 -0.0122913960 -13.6093269841 0.0133489225 -0.1763506587 0.9842368879 -0.1065944753 -0.1434115081 0.9738102840 0.1764275209 -0.7384302639 1413304219.81075 
124 -0.9765588953 -0.2151013028 0.0080095899 -13.5440653298 0.0403932790 -0.1465818624 0.9883734824 0.2910924540 -0.2114263631 0.9655284497 0.1518344686 -1.5495002369 1413304219.97744 
125 -0.9647722792 -0.2629039340 0.0097964658 -13.4859922105 0.0447349647 -0.1272407848 0.9908625362 0.3600579943 -0.2592551488 0.9563949520 0.1345193801 -2.0874313510 1413304220.14414 
126 -0.9527884319 -0.3034047201 -0.0118228518 -13.4165046563 0.0277348599 -0.1257392659 0.9916755591 0.0880623045 -0.3023656422 0.9445290958 0.1282178053 -2.5678498318 1413304220.31083 
127 -0.9339795305 -0.3563455095 -0.0264596768 -13.2595891564 0.0273561902 -0.1451389575 0.9890330236 0.0271116068 -0.3562778066 0.9230127631 0.1453050709 -3.2279166480 1413304220.47752 
128 -0.9215328531 -0.3870427189 -0.0312271409 -13.1464731654 0.0347530552 -0.1623077678 0.9861279905 0.0912603312 -0.3867420662 0.9076641021 0.1630228573 -3.5590847030 1413304220.64422 
129 -0.9139373321 -0.4058553256 0.0000871031 -13.0811912020 0.0598705412 -0.1346089766 0.9890884398 0.4750754223 -0.4014150860 0.9039700648 0.1473229469 -3.6442796203 1413304220.81091 
130 -0.9116228061 -0.4110255538 0.0013614354 -13.0576464134 0.0631484992 -0.1367839919 0.9885860643 0.4880382908 -0.4061479120 0.9013035746 0.1506510534 -3.5804897050 1413304220.97760 
131 -0.9099297152 -0.4135999897 -0.0310316268 -13.0351021579 0.0361921526 -0.1537103171 0.9874529186 0.0568717711 -0.4131803981 0.8973896517 0.1548346590 -3.5596967327 1413304221.14430 
132 -0.8850204506 -0.4640225390 -0.0377078950 -12.8126319274 0.0406948021 -0.1577931896 0.9866332867 0.0873582892 -0.4637701317 0.8716561206 0.1585335051 -4.1771538165 1413304221.31099 
133 -0.8350763300 -0.5442135765 -0.0804928949 -12.3328560920 0.0136249093 -0.1667295245 0.9859085290 -0.3068944032 -0.5499653488 0.8222121678 0.1466467400 -5.3150956396 1413304221.47768 
134 -0.7836040576 -0.6146413918 -0.0904468930 -11.8496503233 -0.0028765643 -0.1419949340 0.9898632047 -0.4827711614 -0.6212538985 0.7759210000 0.1094997510 -6.2391018478 1413304221.64438 
135 -0.7325644750 -0.6748579953 -0.0889717719 -11.3843837562 0.0078705724 -0.1390956213 0.9902476772 -0.3682460475 -0.6806521462 0.7247200110 0.1072080295 -7.0337806115 1413304221.81107 
136 -0.7048684199 -0.7043850345 -0.0836793507 -11.1479402543 0.0271106355 -0.1446337244 0.9891137949 -0.1592542253 -0.7088198107 0.6949264774 0.1210440707 -7.3816877818 1413304221.97776 
137 -0.6652780793 -0.7404015800 -0.0959717545 -10.7763653144 0.0275419031 -0.1527968146 0.9878737657 -0.1947616646 -0.7460874753 0.6545675167 0.1220444399 -7.8871625095 1413304222.14446 
138 -0.6139385027 -0.7864962513 -0.0671056003 -10.2897145472 0.0241949004 -0.1037234120 0.9943118528 -0.0985645132 -0.7889829667 0.6088227168 0.0827089948 -8.4666371851 1413304222.31115 
139 -0.5468796765 -0.8342370113 -0.0705069388 -9.6257562136 0.0448767473 -0.1133054204 0.9925462001 0.1243089332 -0.8360075939 0.5396392227 0.0994022752 -9.1643679552 1413304222.47784 
140 -0.5219909328 -0.8526614138 -0.0222256473 -9.4391424158 0.0787128425 -0.0741006727 0.9941395167 0.6504936538 -0.8493113413 0.5171823698 0.1057952828 -9.3021922721 1413304222.64454 
141 -0.5443514105 -0.8383551914 -0.0290192185 -9.7654808800 0.0880674193 -0.0915170962 0.9919015832 0.6975276933 -0.8342215962 0.5373873782 0.1236492386 -8.9594253511 1413304222.81123 
142 -0.5423196096 -0.8390935008 -0.0425621654 -9.8434801390 0.0622577666 -0.0906545110 0.9939344697 0.3593563957 -0.8378624061 0.5363803282 0.1014038064 -8.9240144705 1413304222.97792 
143 -0.5082587898 -0.8612008326 0.0024755801 -9.6129611520 0.0542602006 -0.0291538787 0.9981011382 0.4648982964 -0.8594933584 0.5074280021 0.0615466451 -9.2252601302 1413304223.14462 
144 -0.4421366558 -0.8966390120 0.0235299767 -9.0207802696 0.0756302240 -0.0111279679 0.9970738376 0.7894423419 -0.8937534597 0.4426224696 0.0727330918 -9.8337379985 1413304223.31131 
145 -0.4389599846 -0.8982554193 -0.0212446132 -9.0944216565 0.0591274571 -0.0524713949 0.9968704512 0.4021107809 -0.8965590197 0.4363300980 0.0761444015 -9.8394983627 1413304223.47800 
146 -0.4209845683 -0.9061835929 -0.0400410932 -8.9898630226 0.0694084895 -0.0761961953 0.9946741182 0.4380445449 -0.9044083452 0.4159632624 0.0949742568 -9.9696286637 1413304223.64470 
147 -0.3945649234 -0.9177899879 -0.0444978579 -8.7887978208 0.0625698384 -0.0751505832 0.9952072172 0.3595142361 -0.9167352598 0.3898896357 0.0870777553 -10.1705445016 1413304223.81139 
148 -0.3594730930 -0.9331534942 0.0019109176 -8.4981392733 0.0907463820 -0.0329194389 0.9953297970 0.8898097776 -0.9287325716 0.3579676895 0.0965139560 -10.3918866286 1413304223.97808 
149 -0.3109520909 -0.9472791957 0.0772717443 -8.0243926981 0.1218991546 0.0408808827 0.9917002317 1.5963164109 -0.9425759350 0.3177906209 0.1027605372 -10.6843810604 1413304224.14478 
150 -0.2283687761 -0.9732555277 0.0249274925 -7.1412323739 0.1361372754 -0.0065703495 0.9906681951 1.5750254988 -0.9640095147 0.2296312441 0.1339968185 -11.3041635359 1413304224.31147 
151 -0.1081547547 -0.9938290019 0.0246264891 -5.7646968383 0.1433077924 0.0089269763 0.9896379064 1.7404718574 -0.9837506928 0.1105632128 0.1414579454 -12.0512400699 1413304224.47816 
152 0.0061092758 -0.9990776321 0.0425036687 -4.4195426624 0.1258053755 0.0429346483 0.9911254328 1.6715120734 -0.9920361305 -0.0007078687 0.1259516363 -12.6452334113 1413304224.64486 
153 0.0934551903 -0.9944391982 0.0485469724 -3.3870721856 0.1463600711 0.0619525315 0.9872895287 2.0183826800 -0.9848070151 -0.0851619925 0.1513359774 -12.9478002361 1413304224.81155 
154 0.1274134019 -0.9896828118 0.0655267655 -3.0236023780 0.1138405555 0.0802206716 0.9902550034 1.6795130660 -0.9852949573 -0.1187121553 0.1228872298 -13.1163161728 1413304224.97824 
155 0.1629666510 -0.9865848721 -0.0096000382 -2.6167742104 0.1332699718 0.0123708552 0.9910025613 1.6015485400 -0.9775893746 -0.1627797654 0.1334981750 -13.2224687994 1413304225.14494 
156 0.2178284466 -0.9758061597 0.0187911313 -1.9230128331 0.1112681617 0.0439570297 0.9928177958 1.4762125823 -0.9696237229 -0.2141731036 0.1181512490 -13.3525501831 1413304225.31163 
157 0.2687086069 -0.9627427498 0.0303658080 -1.2693690109 0.1178092048 0.0641373154 0.9909628631 1.6673867997 -0.9559898932 -0.2627028787 0.1306542065 -13.3854826816 1413304225.47832 
158 0.3257118223 -0.9443822280 0.0453212550 -0.5147606825 0.1119801645 0.0861303569 0.9899707088 1.6928417920 -0.9388142796 -0.3173700820 0.1338057528 -13.4017606260 1413304225.64502 
159 0.3479978060 -0.9364272365 0.0447387730 -0.2416238448 0.0911389705 0.0812877513 0.9925149820 1.3888361538 -0.9330547760 -0.3413155904 0.1136329734 -13.4181545964 1413304225.81171 
160 0.4286920542 -0.9034495567 -0.0014216569 0.9037142396 0.0900579688 0.0411671747 0.9950853360 1.1615235496 -0.8989508802 -0.4267132083 0.0990108727 -13.3876205018 1413304225.97840 
161 0.5359143242 -0.8438907064 -0.0253833172 2.5199085683 0.0858897696 0.0245858168 0.9960012475 1.0115628770 -0.8398921268 -0.5359515027 0.0856574697 -13.1715453793 1413304226.14510 
162 0.6500958625 -0.7596507855 -0.0174943886 4.3462858798 0.0605762959 0.0288625249 0.9977461937 0.7093302187 -0.7574337475 -0.6496904176 0.0647802388 -12.6968666905 1413304226.31179 
163 0.7758884543 -0.6288230484 -0.0507807070 6.5687134798 0.0913033638 0.0322812599 0.9952997619 1.1099452279 -0.6242281652 -0.7768780432 0.0824603164 -11.6799480698 1413304226.47848 
164 0.8695613263 -0.4903784958 -0.0582411421 8.4402193166 0.1038067215 0.0662107199 0.9923912057 1.4436561594 -0.4827911188 -0.8689908351 0.1084788654 -10.4002651329 1413304226.64518 
165 0.9134754647 -0.4049911766 -0.0393029555 9.4434911802 0.0723241520 0.0665537473 0.9951581863 1.0595224098 -0.4004145258 -0.9118951396 0.0900858587 -9.5970660354 1413304226.81187 
166 0.9527519959 -0.2975014791 -0.0612903280 10.5083542221 0.0833095454 0.0618954795 0.9945996528 1.1701900563 -0.2921012735 -0.9527128736 0.0837557546 -8.4486442313 1413304226.97856 
167 0.9856387583 -0.1636943326 -0.0414777489 11.6326108460 0.0498135211 0.0471492680 0.9976450068 0.6667907029 -0.1613531881 -0.9853837384 0.0546263371 -6.9720672119 1413304227.14526 
168 0.9933979914 -0.0931685366 -0.0669332096 12.1290505855 0.0722934804 0.0553961123 0.9958438248 0.9934140903 -0.0890734722 -0.9941080900 0.0617658644 -6.1107397873 1413304227.31195 
169 0.9984200145 -0.0179524870 -0.0532464351 12.6023625960 0.0542257080 0.0593809676 0.9967614927 0.7873063333 -0.0147325229 -0.9980739496 0.0602606329 -5.1895021791 1413304227.47864 
170 0.9981579807 0.0375087557 -0.0476837376 12.9027520292 0.0450990380 0.0669733050 0.9967349965 0.7087424347 0.0405798270 -0.9970494821 0.0651583300 -4.4806744945 1413304227.64534 
171 0.9955136190 0.0884857306 -0.0335098464 13.1449168013 0.0271050640 0.0726170439 0.9969915147 0.5073161507 0.0906529085 -0.9934269175 0.0698928447 -3.8263849094 1413304227.81203 
172 0.9912807113 0.1262908659 -0.0375921356 13.2959851755 0.0270349013 0.0842925685 0.9960742327 0.5634236729 0.1289638150 -0.9884054735 0.0801433361 -3.3145857079 1413304227.97872 
173 0.9871044892 0.1556684414 -0.0373103720 13.4027915417 0.0224667768 0.0960462114 0.9951232935 0.5638144095 0.1584928119 -0.9831289140 0.0913102784 -2.9162829624 1413304228.14542 
174 0.9858247248 0.1645084802 -0.0329631913 13.4343528031 0.0150222887 0.1091325109 0.9939136914 0.5367000158 0.1671045867 -0.9803198738 0.1051142337 -2.7942437318 1413304228.31211 
175 0.9857658403 0.1624150044 -0.0434404697 13.4260287936 0.0257079065 0.1097295962 0.9936289646 0.6752665718 0.1661469579 -0.9806022548 0.1039923378 -2.8061513883 1413304228.47880 
176 0.9841492974 0.1710707614 -0.0467435031 13.4508668877 0.0277523059 0.1117671874 0.9933468203 0.7114327945 0.1751569867 -0.9788988152 0.1052479908 -2.6826649938 1413304228.64550 
177 0.9822980453 0.1822918304 -0.0431304852 13.4847361497 0.0238007088 0.1069249464 0.9939821840 0.6370891070 0.1858065565 -0.9774132925 0.1006934911 -2.5381433288 1413304228.81219 
178 0.9819184381 0.1820181571 -0.0520151068 13.4833540543 0.0309852270 0.1165302579 0.9927036893 0.7785845330 0.1867514299 -0.9763657560 0.1087833349 -2.5250101681 1413304228.97888 
179 0.9826273220 0.1766580280 -0.0568813441 13.4690451496 0.0361495727 0.1184323236 0.9923038814 0.8542468312 0.1820350366 -0.9771211419 0.1099887248 -2.5938355567 1413304229.14558 
180 0.9826706567 0.1767883397 -0.0557159172 13.4761229105 0.0349951115 0.1182322697 0.9923691211 0.8383479518 0.1820267087 -0.9771218007 0.1099966545 -2.5962157565 1413304229.31227 
181 0.9825857467 0.1763760349 -0.0584529273 13.4854351755 0.0386065498 0.1139283451 0.9927385691 0.8621263920 0.1817547378 -0.9777074340 0.1051350978 -2.6036945004 1413304229.47896 
182 0.9849541199 0.1593374882 -0.0669099887 13.4441907137 0.0480072863 0.1196613754 0.9916533949 1.0108484399 0.1660141024 -0.9799452638 0.1102116043 -2.8141024397 1413304229.64566 
183 0.9889639394 0.1282993621 -0.0740918366 13.3551550034 0.0580334385 0.1246691063 0.9904997395 1.1639560727 0.1363174478 -0.9838683284 0.1158475974 -3.2066898756 1413304229.81235 
184 0.9909829495 0.1109450243 -0.0751265289 13.3068259953 0.0602535815 0.1318051506 0.9894427261 1.2275230332 0.1196758107 -0.9850475135 0.1239318218 -3.4140250052 1413304229.97904 
185 0.9909395256 0.1212557725 -0.0577571999 13.3649664517 0.0423399804 0.1260784749 0.9911163122 0.9645052424 0.1274605138 -0.9845817669 0.1198021771 -3.2873750459 1413304230.14574 
186 0.9886143945 0.1359811510 -0.0644259691 13.4156118556 0.0442901639 0.1462238438 0.9882595655 1.0927818373 0.1438052861 -0.9798610688 0.1385363693 -3.0196755901 1413304230.31243 
187 0.9870227275 0.1538740400 -0.0459229277 13.4850751443 0.0201391975 0.1651051163 0.9860703389 0.8844104747 0.1593127371 -0.9741986863 0.1598636026 -2.7323907553 1413304230.47912 
188 0.9824386636 0.1801476481 -0.0485911230 13.5551806294 0.0211180232 0.1513920760 0.9882481816 0.8285697862 0.1853868966 -0.9719193713 0.1449290666 -2.3000848908 1413304230.64582 
189 0.9771725227 0.2042917657 -0.0582986737 13.5878241586 0.0290804127 0.1432082748 0.9892652423 0.8763512521 0.2104475955 -0.9683781619 0.1339983023 -1.8630924221 1413304230.81251 
190 0.9739234022 0.2215393823 -0.0489234996 13.5966618087 0.0190801417 0.1348958499 0.9906760610 0.6810965070 0.2260733397 -0.9657760671 0.1271512223 -1.5526854410 1413304230.97920 
191 0.9705626333 0.2369633461 -0.0430876711 13.6010814261 0.0085527801 0.1448767608 0.9894127420 0.5709372821 0.2406969562 -0.9606555557 0.1385852751 -1.2511593520 1413304231.14590 
192 0.9711653965 0.2280557479 -0.0694863194 13.5564383480 0.0354537241 0.1500677843 0.9880398239 0.9251024110 0.2357558189 -0.9620136361 0.1376552136 -1.2396552026 1413304231.31259 
193 0.9740365796 0.2198300831 -0.0541061569 13.5427441937 0.0230076679 0.1416363082 0.9896513545 0.7198384684 0.2252185358 -0.9652014768 0.1329011676 -1.3016788049 1413304231.47928 
194 0.9761113490 0.2135057872 -0.0402729822 13.5315679284 0.0129797808 0.1277248746 0.9917247006 0.5226951313 0.2168828245 -0.9685564698 0.1219024414 -1.3114219095 1413304231.64598 
195 0.9820021841 0.1841307942 -0.0420423716 13.4810921331 0.0127098794 0.1576701527 0.9874100374 0.6205480099 0.1884414216 -0.9701731668 0.1524921542 -1.5755075215 1413304231.81267 
196 0.9863977850 0.1611629437 -0.0323406139 13.4344950065 0.0026593703 0.1810756419 0.9834655762 0.5566064465 0.1643543047 -0.9701742717 0.1781840202 -1.7907290956 1413304231.97936 
197 0.9866822816 0.1601032158 -0.0287234323 13.4173418829 -0.0043999489 0.2027921715 0.9792119156 0.5363059732 0.1625998638 -0.9660446654 0.2007958884 -1.6990228028 1413304232.14606 
198 0.9804810663 0.1954573287 -0.0212911059 13.4491991052 -0.0257342656 0.2349356439 0.9716702068 0.3786749638 0.1949221027 -0.9521563295 0.2353799015 -1.1188414624 1413304232.31275 
199 0.9681616390 0.2494957330 -0.0203695869 13.4575946750 -0.0427486190 0.2449634649 0.9685894158 0.1719769836 0.2466487308 -0.9368803446 0.2478298277 -0.2745650830 1413304232.47944 
200 0.9485259381 0.3157367068 -0.0246754271 13.4032464932 -0.0501878877 0.2267873023 0.9726503459 -0.0347140679 0.3126974906 -0.9213456743 0.2309597971 0.7424575859 1413304232.64614 
201 0.9407356187 0.3362543709 -0.0441530720 13.3507470124 -0.0377353183 0.2331648776 0.9717047831 0.1198306623 0.3370349261 -0.9124511702 0.2320351712 1.1742463321 1413304232.81283 
202 0.9419884790 0.3333822037 -0.0389103028 13.3351577021 -0.0450413824 0.2404347310 0.9696197265 0.0347065539 0.3326093493 -0.9116180376 0.2415027419 1.2066560767 1413304232.97952 
203 0.9490328968 0.3135297149 -0.0321819607 13.3482680475 -0.0463829284 0.2399299766 0.9696815097 0.0024506543 0.3117453844 -0.9187669586 0.2422438671 1.0141058167 1413304233.14622 
204 0.9447378189 0.3277941444 -0.0046316818 13.3378821256 -0.0658677427 0.2036403125 0.9768275506 -0.3944937552 0.3211415483 -0.9225408512 0.2139777650 1.2475658036 1413304233.31291 
205 0.9368705630 0.3489179741 0.0230172869 13.3072061187 -0.0765833741 0.1405145793 0.9871122732 -0.7827634454 0.3411869502 -0.9265591726 0.1583652888 1.6262437717 1413304233.47960 
206 0.9377056769 0.3474123197 0.0035698185 13.3206183922 -0.0606557429 0.1535824086 0.9862724393 -0.5723512951 0.3420949347 -0.9250497953 0.1650876488 1.7491852215 1413304233.64630 
207 0.9258360820 0.3778567680 -0.0071980683 13.2512824850 -0.0620434279 0.1707533944 0.9833584755 -0.5526385528 0.3727977499 -0.9099821653 0.1815331828 2.3051952412 1413304233.81299 
208 0.9056228488 0.4240811928 0.0015484080 13.1039894150 -0.0692383125 0.1442538395 0.9871154370 -0.7278303099 0.4183937281 -0.8940615033 0.1600022393 3.0758272122 1413304233.97968 
209 0.8906085612 0.4547687740 0.0013239487 12.9586158506 -0.0755761671 0.1451345863 0.9865212592 -0.8307899464 0.4484469129 -0.8787043382 0.1636277859 3.6337688168 1413304234.14638 
210 0.8853742253 0.4637787822 0.0319643937 12.8786943844 -0.0929727861 0.1092806318 0.9896533760 -1.1842243198 0.4554871483 -0.8791854098 0.1398730602 3.8403810149 1413304234.31307 
211 0.8944213415 0.4470261883 0.0133435673 12.9412499379 -0.0788977257 0.1283516626 0.9885853527 -0.9711603935 0.4402108730 -0.8852646145 0.1500698158 3.7153833259 1413304234.47976 
212 0.9078602257 0.4192471425 0.0046523191 13.0454068732 -0.0756744236 0.1529353503 0.9853345423 -0.8745940761 0.4123871872 -0.8948981016 0.1705702075 3.4118033455 1413304234.64646 
213 0.9230292201 0.3847258517 -0.0017544053 13.1711034595 -0.0663100669 0.1635787895 0.9842992201 -0.7257080201 0.3789723393 -0.9084206067 0.1764991994 3.0428850981 1413304234.81315 
214 0.9337733996 0.3577958489 0.0070262820 13.2759069398 -0.0704019091 0.1644134234 0.9838759055 -0.7965123852 0.3508714997 -0.9192118128 0.1787143922 2.7630186592 1413304234.97984 
215 0.9480774373 0.3180329576 0.0020520104 13.4074340371 -0.0626075006 0.1803035506 0.9816164885 -0.6932274046 0.3118164103 -0.9307769161 0.1908529768 2.3246347145 1413304235.14654 
216 0.9565815604 0.2913209240 0.0091562821 13.4816484650 -0.0692736777 0.1967280854 0.9780077801 -0.7742486782 0.2831128324 -0.9361784977 0.2083673307 2.0212188452 1413304235.31323 
217 0.9645607953 0.2623601151 -0.0281005731 13.5529027954 -0.0464397110 0.2736334013 0.9607122956 -0.3370258665 0.2597418439 -0.9253604334 0.2761199791 1.8260224272 1413304235.47992 
